1.0000000000000002
0.99963921320024
-0.9994122363196439
-0.9997495236453628
-0.9999445360150614
-0.9999992019417387
-0.9999154351636104
-0.9996951344593769
0.9994087768592737
0.9995110267528676
0.9996033684554679
0.9996858707582595
0.9997586022512424
0.9998216313223076
0.9998750261563317
0.9999188547343034
0.9999531848324527
0.9999780840214205
0.9999936196654355
0.999999858921518
0.9999968687387011
0.9999847158572726
0.9999634668080373
0.9999331879115994
0.9998939452776606
0.9998458048043438
0.9997888321775293
0.9997230928702132
0.999648652141885
0.9995655750379205
0.9994739263889956
0.9994049607438936
0.9994755588116997
0.999541780385278
0.9996036085892219
0.9996610265571724
0.9997140174320909
0.9997625643665158
0.9998066505228361
0.9998462590735557
0.9998813732015606
0.9999119761003851
0.9999380509744947
0.9999595810395394
0.9999765495226414
0.9999889396626578
0.9999967347104624
0.9999999179292135
0.999998472594638
0.9999923819953005
0.9999816294328899
0.9999661982224872
0.9999460716928616
0.9999212331867341
0.9998916660610709
0.999857353687365
0.9998182794519177
0.9997744267561229
0.9997257790167575
0.9996723196662625
0.9996140321530373
0.9995508999417234
0.9994829065134938
0.9994100353663513
-0.9993992102553743
-0.9995351541840357
-0.9996537334540933
-0.9997549243573739
-0.9998387034860106
-0.9999050477337522
-0.9999539342972388
-0.9999853406772832
-0.9999992446801392
-0.9999956244187912
-0.9999744583142157
-0.9999357250966474
-0.9998794038068303
-0.9998054737972973
-0.999713914733606
-0.9996047065956001
-0.9994778296786354
0.9993782258145152
0.9995483726435759
0.9996914175544231
0.9998073347125256
0.9998960990180158
0.9999576861077561
0.9999920723574032
0.9999992348834349
0.9999791515451689
0.9999318009467622
0.9998571624391801
0.9997552161221702
0.999625942846192
0.9994693242143442
-0.999485174851588
-0.999658233827614
-0.9997959942305292
-0.9998984295711092
-0.9999655146073481
-0.9999972253471674
-0.9999935390510267
-0.9999544342345162
-0.9998798906709029
-0.999769889393638
-0.9996244126988071
-0.999443444147558
0.9995512364167295
0.999725317658436
0.9998569080173334
0.9999459807638156
0.9999925109757589
0.9999964755416774
0.9999578531638114
0.9998766243611293
0.9997527714722637
0.9995862786583394
0.9993771319057831
-0.9994374372852238
-0.9996476768762695
-0.9998089739854867
-0.9999213000982384
-0.99998462909725
-0.9999989372662431
-0.9999642032934619
-0.9998804082750645
-0.9997475357184151
-0.9995655715452557
0.9994481647042472
0.9996668422002972
0.9998306577518579
0.9999395822631949
0.999993589650852
0.9999926568476639
0.999936763806569
0.9998258935043367
0.9996600319450403
0.9994391681634196
-0.99949058755996
-0.9997084015903019
-0.9998658691842608
-0.9999629612206877
-0.9999996522230797
-0.99997592036388
-0.9998917474685659
-0.9997471190195037
-0.9995420241596028
0.9994859383410911
0.9997126654682252
0.9998739291741401
0.9999696997455326
0.9999999517578659
0.9999646640799695
0.9998638198783559
0.9996974066212231
0.9994654160822513
-0.9994129770971568
-0.9996650989577935
-0.999846953407899
-0.999958508945875
-0.9999997390111875
-0.9999706219893387
-0.9998711412164495
-0.999701284983488
-0.9994610465401856
0.9994798738324897
0.9997214795104912
0.9998882585998452
0.9999801803077093
0.9999972194442751
0.9999393564278829
0.9998065772896473
0.9995988736777376
-0.9994859256268144
-0.9997316409220504
-0.999898205407831
-0.9999855879711592
-0.999993763768281
-0.9999227142299463
-0.9997724270662153
-0.9995428962707327
0.9996094138686415
0.9998228541772785
0.9999530056149295
0.9999998397759404
0.9999633351964761
0.9998434773596816
0.9996402587003326
-0.9995569332144733
-0.9997913519477521
-0.9999385436775644
-0.9999984783389608
-0.999971133480571
-0.9998564942700644
-0.9996545534989439
0.9996269125919464
0.9998420190647381
0.999966105257004
0.9999991429715702
0.9999411123012614
0.9997920016342252
0.9995518076586
-0.999622023309551
-0.999842204729434
-0.9999677262897183
-0.9999985595100692
-0.9999346848760922
-0.9997760918449512
-0.9995227788499125
0.999643691871861
0.9998591085111456
0.9999763537695352
0.9999953998273023
0.9999162285080766
0.999738831284287
0.9994632092817696
-0.9995445022094975
-0.9997978929442841
-0.9999497355578294
-0.9999999985932279
-0.9999486609117008
-0.9997957116986775
-0.9995411504685603
0.9994694716839828
0.999750570216041
0.999926851065634
0.9999982799766285
0.9999648336864444
0.999826499932228
0.9995832774561325
