/opt/homebrew/bin/python3 /Users/douglas/Documents/GitHub/universal/240717/4.py
2024-10-09 02:43:24.678 Python[60574:688029] +[IMKClient subclass]: chose IMKClient_Legacy
2024-10-09 02:43:24.678 Python[60574:688029] +[IMKInputSession subclass]: chose IMKInputSession_Legacy
Crossing points (indices where Re and Im are close): (array([  0,  68,  69, 192, 193, 194, 290, 356, 357, 413, 463, 509, 553,
       594, 634, 672, 709, 744, 779, 813, 879, 911, 942, 973]),)
Imaginary parts of rotated intersection points: [ 5.36642581e-33  2.00807414e-02 -1.04207480e-02 -2.44876272e-02
 -3.11687352e-03  1.85148204e-02  2.85072834e-03 -2.89714483e-02
  2.32543391e-02 -1.97889264e-02  3.77199396e-03  2.24453863e-02
  1.11122352e-02  1.36478403e-02  2.22647897e-02 -1.65064601e-02
  3.16732475e-02  3.47045137e-02 -1.86573673e-02  1.73976869e-02
 -9.08282687e-04  5.08671426e-03  3.53516874e-02 -2.47316355e-02]
[0.         0.54166847 0.54963419 1.52941687 1.53738258 1.5453483
 2.31005673 2.83579378 2.84375949 3.28983941 3.68812506 4.05454785
 4.40503922 4.73163344 5.05026196 5.35295905 5.64769042 5.92649037
 6.20529032 6.47612456 7.00186161 7.25676442 7.50370152 7.75063862]
[1. 1. 1. 1. 1. 1. 1. 1. 1. 1. 1. 1. 1. 1. 1. 1. 1. 1. 1. 1. 1. 1. 1. 1.]
[ 1.          0.99979836  0.9999457   0.99970013  0.99999514  0.99982859
 -0.99999594  0.99958024  0.99972958 -0.99980418  0.99999289 -0.99974807
  0.99993826 -0.99990686  0.99975211 -0.99986376  0.99949828 -0.99939762
  0.99982594 -0.99984865 -0.99999959  0.99998706 -0.99937493  0.99969413]


Process finished with exit code 0
