[0.00000000e+00 1.00010001e-02 1.70017002e+00 1.71017102e+00
 1.72017202e+00 1.73017302e+00 1.74017402e+00 1.24112411e+01
 1.24212421e+01 1.24312431e+01 1.24412441e+01 1.24512451e+01
 1.24612461e+01 1.24712471e+01 1.24812481e+01 1.24912491e+01
 1.25012501e+01 1.62416242e+01 1.62516252e+01 1.62616262e+01
 1.62716272e+01 1.62816282e+01 1.62916292e+01 1.63016302e+01
 1.92719272e+01 1.92819282e+01 1.92919292e+01 1.93019302e+01
 1.93119312e+01 1.93219322e+01 2.19221922e+01 2.19321932e+01
 2.19421942e+01 2.19521952e+01 2.19621962e+01 2.43324332e+01
 2.43424342e+01 2.43524352e+01 2.43624362e+01 2.43724372e+01
 2.65726573e+01 2.65826583e+01 2.65926593e+01 2.66026603e+01
 2.66126613e+01 2.87028703e+01 2.87128713e+01 2.87228723e+01
 2.87328733e+01 3.07230723e+01 3.07330733e+01 3.07430743e+01
 3.07530753e+01 3.26632663e+01 3.26732673e+01 3.26832683e+01
 3.26932693e+01 3.45334533e+01 3.45434543e+01 3.45534553e+01
 3.45634563e+01 3.63536354e+01 3.63636364e+01 3.63736374e+01
 3.63836384e+01 3.81238124e+01 3.81338134e+01 3.81438144e+01
 3.98439844e+01 3.98539854e+01 3.98639864e+01 4.15241524e+01
 4.15341534e+01 4.15441544e+01 4.15541554e+01 4.31643164e+01
 4.31743174e+01 4.31843184e+01 4.31943194e+01 4.47844784e+01
 4.47944794e+01 4.48044804e+01 4.48144814e+01 4.63646365e+01
 4.63746375e+01 4.63846385e+01 4.63946395e+01 4.79247925e+01
 4.79347935e+01 4.79447945e+01 4.79547955e+01 4.94649465e+01
 4.94749475e+01 4.94849485e+01 5.09750975e+01 5.09850985e+01
 5.09950995e+01 5.24652465e+01 5.24752475e+01 5.24852485e+01
 5.39353935e+01 5.39453945e+01 5.39553955e+01 5.53855386e+01
 5.53955396e+01 5.54055406e+01 5.68256826e+01 5.68356836e+01
 5.68456846e+01 5.82458246e+01 5.82558256e+01 5.82658266e+01
 5.96459646e+01 5.96559656e+01 5.96659666e+01 6.10361036e+01
 6.10461046e+01 6.10561056e+01 6.24062406e+01 6.24162416e+01
 6.24262426e+01 6.37663766e+01 6.37763776e+01 6.37863786e+01
 6.37963796e+01 6.51165117e+01 6.51265127e+01 6.51365137e+01
 6.64566457e+01 6.64666467e+01 6.64766477e+01 6.77867787e+01
 6.77967797e+01 6.78067807e+01 6.90969097e+01 6.91069107e+01
 6.91169117e+01 7.04070407e+01 7.04170417e+01 7.04270427e+01
 7.16971697e+01 7.17071707e+01 7.17171717e+01 7.29872987e+01
 7.29972997e+01 7.30073007e+01 7.42674267e+01 7.42774277e+01
 7.55275528e+01 7.55375538e+01 7.55475548e+01 7.67876788e+01
 7.67976798e+01 7.68076808e+01 7.80378038e+01 7.80478048e+01
 7.80578058e+01 7.92879288e+01 7.92979298e+01 8.05180518e+01
 8.05280528e+01 8.05380538e+01 8.17481748e+01 8.17581758e+01
 8.17681768e+01 8.29682968e+01 8.29782978e+01 8.29882988e+01
 8.41784178e+01 8.41884188e+01 8.41984198e+01 8.53885389e+01
 8.53985399e+01 8.54085409e+01 8.65886589e+01 8.65986599e+01
 8.66086609e+01 8.77887789e+01 8.77987799e+01 8.89688969e+01
 8.89788979e+01 8.89888989e+01 9.01590159e+01 9.01690169e+01
 9.13291329e+01 9.13391339e+01 9.13491349e+01 9.24992499e+01
 9.25092509e+01 9.25192519e+01 9.36693669e+01 9.36793679e+01
 9.36893689e+01 9.48294829e+01 9.48394839e+01 9.48494849e+01
 9.59795980e+01 9.59895990e+01 9.59996000e+01 9.71297130e+01
 9.71397140e+01 9.71497150e+01 9.82798280e+01 9.82898290e+01
 9.94199420e+01 9.94299430e+01]
