0.0
0.005000500050005001
0.8050805080508051
0.8100810081008101
0.8150815081508151
0.8200820082008201
0.8250825082508251
0.8300830083008301
3.3803380338033806
3.3853385338533855
3.3903390339033903
3.3953395339533956
3.4003400340034005
3.4053405340534053
3.4103410341034106
3.4153415341534155
3.4203420342034203
3.4253425342534256
3.4303430343034305
3.4353435343534353
3.4403440344034406
3.4453445344534455
3.4503450345034503
3.4553455345534556
3.4603460346034605
3.4653465346534653
3.4703470347034706
3.4753475347534755
3.4803480348034803
3.4853485348534856
3.4903490349034905
9.585958595859587
9.590959095909591
9.595959595959597
9.6009600960096
9.605960596059607
9.61096109610961
9.615961596159616
9.620962096209622
9.625962596259626
9.630963096309632
9.635963596359636
9.640964096409641
9.645964596459647
9.650965096509651
9.655965596559657
9.66096609660966
9.665966596659667
9.67096709670967
9.675967596759676
9.680968096809682
9.685968596859686
9.690969096909692
9.695969596959696
9.700970097009701
9.705970597059707
9.710971097109711
9.715971597159717
9.72097209720972
9.725972597259727
9.73097309730973
9.735973597359736
9.740974097409742
9.745974597459746
14.476447644764477
14.481448144814483
14.486448644864486
14.491449144914492
14.496449644964498
14.501450145014502
14.506450645064508
14.511451145114512
14.516451645164517
14.521452145214521
14.526452645264527
14.531453145314533
14.536453645364537
14.541454145414543
14.546454645464546
14.551455145514552
14.556455645564558
17.811781178117812
17.816781678167818
17.821782178217823
17.82678267826783
17.83178317831783
17.836783678367837
17.841784178417843
17.84678467846785
17.851785178517854
17.856785678567856
17.861786178617862
17.866786678667868
17.871787178717874
17.876787678767876
20.627062706270628
20.632063206320634
20.63706370637064
20.642064206420642
20.647064706470648
20.652065206520653
20.65706570657066
20.662066206620665
20.667066706670667
20.672067206720673
20.67706770677068
20.682068206820684
23.14731473147315
23.152315231523154
23.15731573157316
23.162316231623162
23.167316731673168
23.172317231723174
23.17731773177318
23.182318231823185
23.187318731873187
23.192319231923193
23.1973197319732
25.467546754675467
25.472547254725473
25.47754775477548
25.482548254825485
25.48754875487549
25.492549254925493
25.4975497549755
25.502550255025504
25.50755075507551
25.512551255125512
27.64776477647765
27.652765276527653
27.65776577657766
27.662766276627664
27.66776677667767
27.672767276727676
27.677767776777678
27.682768276827684
27.68776877687769
27.692769276927695
29.717971797179718
29.722972297229724
29.72797279727973
29.732973297329735
29.73797379737974
29.742974297429743
29.74797479747975
29.752975297529755
29.75797579757976
31.6981698169817
31.703170317031706
31.708170817081708
31.713171317131714
31.71817181718172
31.723172317231725
31.72817281728173
31.733173317331733
31.73817381738174
33.6033603360336
33.60836083608361
33.613361336133615
33.61836183618362
33.623362336233626
33.62836283628363
33.63336333633364
33.63836383638364
33.64336433643364
35.44854485448545
35.45354535453546
35.45854585458546
35.46354635463547
35.46854685468547
35.47354735473547
35.47854785478548
35.483548354835484
37.23872387238724
37.24372437243724
37.24872487248725
37.253725372537254
37.25872587258726
37.263726372637265
37.26872687268727
37.27372737273728
38.983898389838984
38.98889888988899
38.993899389938996
38.998899889989
39.00390039003901
39.00890089008901
39.01390139013902
40.68406840684069
40.68906890689069
40.6940694069407
40.6990699069907
40.7040704070407
40.70907090709071
40.714071407140715
42.349234923492354
42.354235423542356
42.35923592359236
42.36423642364237
42.36923692369237
42.37423742374238
42.37923792379238
43.979397939793984
43.984398439843986
43.989398939893995
43.994399439944
43.999399939994
44.00440044004401
44.00940094009401
45.57955795579558
45.58455845584559
45.58955895589559
45.5945594559456
45.5995599559956
45.604560456045604
45.60956095609561
47.149714971497154
47.154715471547156
47.15971597159716
47.16471647164717
47.16971697169717
47.17471747174718
47.17971797179718
48.6948694869487
48.6998699869987
48.70487048704871
48.70987098709871
48.71487148714872
48.71987198719872
48.724872487248724
