1.07328516e-32 -2.68596990e-02 -3.42809261e-02 -2.23805713e-02 -1.05320888e-02 1.26337480e-03 1.30047115e-02 2.46908513e-02 3.43816337e-02 3.12683130e-02 2.81621337e-02 2.50631165e-02 2.19712818e-02 1.88866498e-02 1.58092400e-02 1.27390717e-02 9.67616367e-03 6.62053448e-03 3.57220218e-03 5.31184473e-04 -2.50250131e-03 -5.52883820e-03 -8.54780962e-03 -1.15593993e-02 -1.45635915e-02 -1.75603706e-02 -2.05497215e-02 -2.35316294e-02 -2.65060799e-02 -2.94730589e-02 -3.24325526e-02 -3.44923824e-02 -3.23822071e-02 -3.02692792e-02 -2.81536089e-02 -2.60352066e-02 -2.39140827e-02 -2.17902476e-02 -1.96637120e-02 -1.75344865e-02 -1.54025817e-02 -1.32680086e-02 -1.11307778e-02 -8.99090025e-03 -6.84838702e-03 -4.70324913e-03 -2.55549768e-03 -4.05143883e-04 1.74780102e-03 3.90332568e-03 6.06141871e-03 8.22206862e-03 1.03852639e-02 1.25509929e-02 1.47192439e-02 1.68900052e-02 1.90632650e-02 2.12390114e-02 2.34172323e-02 2.55979158e-02 2.77810497e-02 2.99666219e-02 3.21546200e-02 3.43450318e-02 3.46585998e-02 3.04873015e-02 2.63137453e-02 2.21380040e-02 1.79601507e-02 1.37802582e-02 9.59840005e-03 5.41464962e-03 1.22908061e-03 -2.95823313e-03 -7.14721758e-03 -1.13377985e-02 -1.55299016e-02 -1.97234522e-02 -2.39183755e-02 -2.81145968e-02 -3.23120408e-02 -3.52584992e-02 -3.00508027e-02 -2.48408870e-02 -1.96288934e-02 -1.44149634e-02 -9.19923877e-03 -3.98186167e-03 1.23702568e-03 6.45728077e-03 1.16787609e-02 1.69013230e-02 2.21248240e-02 2.73491204e-02 3.25740687e-02 3.20840342e-02 2.61422176e-02 2.01982653e-02 1.42523872e-02 8.30479356e-03 2.35569480e-03 -3.59469835e-03 -9.54617487e-03 -1.54985235e-02 -2.14515329e-02 -2.74049911e-02 -3.33586863e-02 -2.99553965e-02 -2.34369203e-02 -1.69163675e-02 -1.03940153e-02 -3.87014113e-03 2.65497725e-03 9.18106181e-03 1.57078342e-02 2.22350159e-02 2.87623281e-02 3.52894917e-02 3.35381716e-02 2.65428355e-02 1.95452178e-02 1.25456610e-02 5.54450802e-03 -1.45789793e-03 -8.46121337e-03 -1.54650945e-02 -2.24691972e-02 -2.94731773e-02 -3.32169545e-02 -2.58109396e-02 -1.84026036e-02 -1.09923529e-02 -3.58059453e-03 3.83226444e-03 1.12458165e-02 1.86596538e-02 2.60733682e-02 3.34865516e-02 3.19149711e-02 2.41477078e-02 1.63781452e-02 8.60675239e-03 8.33998633e-04 -6.93964642e-03 -1.47137128e-02 -2.24877303e-02 -3.02612283e-02 -3.20602411e-02 -2.39705340e-02 -1.58784684e-02 -7.78457390e-03 3.10619157e-04 8.40658025e-03 1.65027785e-02 2.45986828e-02 3.26937617e-02 3.42593230e-02 2.58783679e-02 1.74948496e-02 9.10935710e-03 7.22480146e-04 -7.66519134e-03 -1.60530671e-02 -2.44405565e-02 -3.28270688e-02 -3.22487489e-02 -2.36000721e-02 -1.49489235e-02 -6.29595043e-03 2.35819925e-03 1.10128773e-02 1.96674352e-02 2.83212242e-02 3.20606375e-02 2.31656241e-02 1.42681051e-02 5.36878478e-03 -3.53163200e-03 -1.24324401e-02 -2.13329341e-02 -3.02324084e-02 -2.79467298e-02 -1.88218029e-02 -9.69466666e-03 -5.66081348e-04 8.56319232e-03 1.76923933e-02 2.68207603e-02 2.97646983e-02 2.04267611e-02 1.10864272e-02 1.74451133e-03 -7.59817120e-03 -1.69408048e-02 -2.62825735e-02 -2.73136527e-02 -1.77746143e-02 -8.23336730e-03 1.30921966e-03 1.08522776e-02 2.03949373e-02 2.99363292e-02 2.74920082e-02 1.77641674e-02 8.03407611e-03 -1.69734434e-03 -1.14291724e-02 -2.11604862e-02 -3.08903635e-02 -2.66924952e-02 -1.67858014e-02 -6.87691077e-03 3.03320362e-03 1.29435685e-02 2.28532103e-02 3.27611552e-02 3.01792661e-02 2.01040609e-02 1.00262834e-02 -5.30429431e-05 -1.01328940e-02 -2.02122455e-02 -3.02900730e-02 -3.25695436e-02 -2.23337716e-02 -1.20951444e-02 -1.85473550e-03 8.38638125e-03 1.86271316e-02 2.88664412e-02
1.07328516e-32
-2.68596990e-02
-3.42809261e-02
-2.23805713e-02
-1.05320888e-02
1.26337480e-03
1.30047115e-02
2.46908513e-02
3.43816337e-02
3.12683130e-02
2.81621337e-02
2.50631165e-02
2.19712818e-02
1.88866498e-02
1.58092400e-02
1.27390717e-02
9.67616367e-03
6.62053448e-03
3.57220218e-03
5.31184473e-04
-2.50250131e-03
-5.52883820e-03
-8.54780962e-03
-1.15593993e-02
-1.45635915e-02
-1.75603706e-02
-2.05497215e-02
-2.35316294e-02
-2.65060799e-02
-2.94730589e-02
-3.24325526e-02
-3.44923824e-02
-3.23822071e-02
-3.02692792e-02
-2.81536089e-02
-2.60352066e-02
-2.39140827e-02
-2.17902476e-02
-1.96637120e-02
-1.75344865e-02
-1.54025817e-02
-1.32680086e-02
-1.11307778e-02
-8.99090025e-03
-6.84838702e-03
-4.70324913e-03
-2.55549768e-03
-4.05143883e-04
1.74780102e-03
3.90332568e-03
6.06141871e-03
8.22206862e-03
1.03852639e-02
1.25509929e-02
1.47192439e-02
1.68900052e-02
1.90632650e-02
2.12390114e-02
2.34172323e-02
2.55979158e-02
2.77810497e-02
2.99666219e-02
3.21546200e-02
3.43450318e-02
3.46585998e-02
3.04873015e-02
2.63137453e-02
2.21380040e-02
1.79601507e-02
1.37802582e-02
9.59840005e-03
5.41464962e-03
1.22908061e-03
-2.95823313e-03
-7.14721758e-03
-1.13377985e-02
-1.55299016e-02
-1.97234522e-02
-2.39183755e-02
-2.81145968e-02
-3.23120408e-02
-3.52584992e-02
-3.00508027e-02
-2.48408870e-02
-1.96288934e-02
-1.44149634e-02
-9.19923877e-03
-3.98186167e-03
1.23702568e-03
6.45728077e-03
1.16787609e-02
1.69013230e-02
2.21248240e-02
2.73491204e-02
3.25740687e-02
3.20840342e-02
2.61422176e-02
2.01982653e-02
1.42523872e-02
8.30479356e-03
2.35569480e-03
-3.59469835e-03
-9.54617487e-03
-1.54985235e-02
-2.14515329e-02
-2.74049911e-02
-3.33586863e-02
-2.99553965e-02
-2.34369203e-02
-1.69163675e-02
-1.03940153e-02
-3.87014113e-03
2.65497725e-03
9.18106181e-03
1.57078342e-02
2.22350159e-02
2.87623281e-02
3.52894917e-02
3.35381716e-02
2.65428355e-02
1.95452178e-02
1.25456610e-02
5.54450802e-03
-1.45789793e-03
-8.46121337e-03
-1.54650945e-02
-2.24691972e-02
-2.94731773e-02
-3.32169545e-02
-2.58109396e-02
-1.84026036e-02
-1.09923529e-02
-3.58059453e-03
3.83226444e-03
1.12458165e-02
1.86596538e-02
2.60733682e-02
3.34865516e-02
3.19149711e-02
2.41477078e-02
1.63781452e-02
8.60675239e-03
8.33998633e-04
-6.93964642e-03
-1.47137128e-02
-2.24877303e-02
-3.02612283e-02
-3.20602411e-02
-2.39705340e-02
-1.58784684e-02
-7.78457390e-03
3.10619157e-04
8.40658025e-03
1.65027785e-02
2.45986828e-02
3.26937617e-02
3.42593230e-02
2.58783679e-02
1.74948496e-02
9.10935710e-03
7.22480146e-04
-7.66519134e-03
-1.60530671e-02
-2.44405565e-02
-3.28270688e-02
-3.22487489e-02
-2.36000721e-02
-1.49489235e-02
-6.29595043e-03
2.35819925e-03
1.10128773e-02
1.96674352e-02
2.83212242e-02
3.20606375e-02
2.31656241e-02
1.42681051e-02
5.36878478e-03
-3.53163200e-03
-1.24324401e-02
-2.13329341e-02
-3.02324084e-02
-2.79467298e-02
-1.88218029e-02
-9.69466666e-03
-5.66081348e-04
8.56319232e-03
1.76923933e-02
2.68207603e-02
2.97646983e-02
2.04267611e-02
1.10864272e-02
1.74451133e-03
-7.59817120e-03
-1.69408048e-02
-2.62825735e-02
-2.73136527e-02
-1.77746143e-02
-8.23336730e-03
1.30921966e-03
1.08522776e-02
2.03949373e-02
2.99363292e-02
2.74920082e-02
1.77641674e-02
8.03407611e-03
-1.69734434e-03
-1.14291724e-02
-2.11604862e-02
-3.08903635e-02
-2.66924952e-02
-1.67858014e-02
-6.87691077e-03
3.03320362e-03
1.29435685e-02
2.28532103e-02
3.27611552e-02
3.01792661e-02
2.01040609e-02
1.00262834e-02
-5.30429431e-05
-1.01328940e-02
-2.02122455e-02
-3.02900730e-02
-3.25695436e-02
-2.23337716e-02
-1.20951444e-02
-1.85473550e-03
8.38638125e-03
1.86271316e-02
