[-1.59310002e-33 -2.23060673e-02 -2.47330694e-02 -1.16856101e-02
  1.30797998e-03  1.42457320e-02  2.71257329e-02  3.22374860e-02
  2.54310721e-02  1.86154237e-02  1.17908605e-02  4.95770438e-03
 -1.88372047e-03 -8.73308765e-03 -1.55900685e-02 -2.24543321e-02
 -2.93255454e-02 -2.89810415e-02 -1.94844156e-02 -9.97987530e-03
 -4.68280674e-04  9.04950490e-03  1.85726147e-02  2.81001786e-02
  2.65116995e-02  1.53038910e-02  4.08897097e-03 -7.13164899e-03
 -1.83565532e-02 -2.95843222e-02 -2.36138066e-02 -1.11168851e-02
  1.38633436e-03  1.38938957e-02  2.64038389e-02  2.56110197e-02
  1.20714909e-02 -1.47436112e-03 -1.50240499e-02 -2.85750845e-02
 -3.41317308e-02 -1.97142934e-02 -5.28899205e-03  9.14117149e-03
  2.35731907e-02  2.08760455e-02  5.68357528e-03 -9.51369069e-03
 -2.47122409e-02 -2.41513240e-02 -8.27943595e-03  7.59779306e-03
  2.34763596e-02  2.64581162e-02  9.97450951e-03 -6.51486965e-03
 -2.30055371e-02 -3.28026602e-02 -1.57645753e-02  1.28098435e-03
  1.83290662e-02  2.56273654e-02  8.07309640e-03 -9.48641162e-03
 -2.70457436e-02 -1.74612112e-02  5.70349617e-04  1.86043476e-02
  1.94590995e-02  9.86544054e-04 -1.74888575e-02 -2.27269309e-02
 -3.84204541e-03  1.50466186e-02  3.39323203e-02  3.50955384e-02
  1.58278529e-02 -3.44802905e-03 -2.27249455e-02 -2.44208571e-02
 -4.78054833e-03  1.48638376e-02  3.45047185e-02  3.50798838e-02
  1.50970259e-02 -4.89402101e-03 -2.48852678e-02 -3.25220860e-02
 -1.22070656e-02  8.11508166e-03  2.84359629e-02  2.04421712e-02
 -1.93181013e-04 -2.08304723e-02 -2.32116764e-02 -2.27624332e-03
  1.86621491e-02  2.36883302e-02  2.46488028e-03 -1.87615859e-02
 -2.48396252e-02 -3.34014152e-03  1.81627402e-02  2.94473518e-02
  7.68417537e-03 -1.40844472e-02 -1.81099769e-02  3.91308955e-03
  2.59360172e-02  1.48106399e-02 -7.45966562e-03 -2.97279875e-02
 -2.18982567e-02  6.08459091e-04  2.31165428e-02  1.88556557e-02
 -3.88208321e-03 -2.66194528e-02 -3.00675408e-02 -7.11114063e-03
  1.58506106e-02  3.43724951e-02  1.12025436e-02 -1.19749932e-02
 -3.51476642e-02 -3.30519800e-02 -9.67183090e-03  1.37151432e-02
  2.73266287e-02  3.74027787e-03 -1.98496588e-02 -1.83620904e-02
  5.42477785e-03  2.92100512e-02  3.12488730e-02  7.27453307e-03
 -1.67054368e-02 -1.93005783e-02  4.86540892e-03  2.90299744e-02
  3.16626058e-02  7.31903997e-03 -1.70302595e-02 -2.08161235e-02
  3.70950767e-03  2.82342771e-02  1.18621366e-02 -1.28382543e-02
 -3.05756670e-02 -5.71112148e-03  1.91582800e-02  2.82690539e-02
  3.23805948e-03 -2.17962664e-02 -3.04761948e-02 -5.28463489e-03
  1.99115611e-02  1.26611873e-02 -1.26933217e-02 -2.61470239e-02
 -6.40853018e-04  2.48669765e-02  2.08426666e-02 -4.81658494e-03
 -3.04738879e-02 -2.28338347e-02  2.97311437e-03  2.87792880e-02
  3.28314723e-02  6.88357344e-03 -1.90701498e-02 -2.54390808e-02
  6.54660889e-04  2.67491275e-02  2.71284828e-02  8.95748012e-04
 -2.53387579e-02 -1.21870983e-02  1.41858433e-02  3.38451863e-02
  7.34432738e-03 -1.91628155e-02 -1.32223126e-02  1.34170458e-02
  3.04178987e-02  3.65348118e-03 -2.31146490e-02 -3.26244911e-02
 -5.73383356e-03  2.11620526e-02  2.00340924e-02 -6.98664030e-03
 -3.40033388e-02 -1.99668742e-02  7.17696567e-03  3.43165714e-02
  3.29677790e-02  5.70793474e-03 -2.15571944e-02 -3.21915633e-02
 -4.81219549e-03  2.25718103e-02  1.78005826e-02 -9.70095827e-03
 -1.75634062e-02  1.00535005e-02]
