[ 1.          0.99975119 -0.99969409 -0.99993172 -0.99999914 -0.99989852
 -0.99963203 -0.99948024 -0.99967658 -0.99982672 -0.99993049 -0.99998771
 -0.99999823 -0.99996187 -0.99987847 -0.99974787 -0.99956991  0.99957996
  0.99981016  0.9999502   0.99999989  0.99995905  0.99982751  0.99960511
 -0.9996485  -0.99988289 -0.99999164 -0.99997457 -0.9998315  -0.99956229
  0.99972116  0.99993821  0.99999904  0.99990348  0.99965136 -0.99967198
 -0.99992714 -0.99999891 -0.99988713 -0.99959165  0.99941734  0.99980565
  0.99998601  0.99995822  0.99972211 -0.99978207 -0.99998385 -0.99995474
 -0.99969461  0.99970831  0.99996572  0.99997114  0.99972439 -0.99964992
 -0.99995025 -0.99997878 -0.99973534  0.99946185  0.99987573  0.99999918
  0.99983201 -0.99967157 -0.99996741 -0.999955   -0.9996342   0.99984754
  0.99999984  0.99982692 -0.99981065 -0.99999951 -0.99984706  0.99974171
  0.99999262  0.99988679  0.99942413 -0.99938396 -0.99987473 -0.99999406
 -0.99974176  0.99970177  0.99998857  0.99988953  0.99940453 -0.99938451
 -0.99988603 -0.99998802 -0.99969031  0.99947102  0.99992549  0.99996707
  0.99959562 -0.99979104 -0.99999998 -0.99978302  0.99973057  0.99999741
  0.99982585 -0.99971939 -0.99999696 -0.99982399  0.99969145  0.99999442
  0.99983504 -0.99956633 -0.99997048 -0.99990081  0.999836    0.99999234
  0.9996636  -0.99989032 -0.99997218 -0.99955803  0.9997602   0.99999981
  0.99973278 -0.99982222 -0.99999246 -0.99964564  0.99954787  0.99997472
  0.99987437 -0.99940909 -0.99993725 -0.9999283  -0.99938213  0.99945363
  0.99995323  0.99990594 -0.99962656 -0.99999301 -0.99980298  0.9998314
  0.99998529  0.9995733  -0.99951163 -0.99997354 -0.99986045  0.99981373
  0.99998816  0.99957854 -0.99949861 -0.99997322 -0.99985497  0.99978332
  0.99999312  0.99960133 -0.99992964 -0.99991759  0.99953245  0.99998369
  0.99981646 -0.99960035 -0.99999476 -0.99976243  0.99953549  0.99998604
  0.99980175 -0.99991984 -0.99991944  0.99965811  0.99999979  0.99969077
 -0.99978277 -0.9999884  -0.99953556  0.99973927  0.99999558  0.99958579
 -0.9994609  -0.99997631 -0.99981815  0.99967637  0.99999979  0.99964218
 -0.99963195 -0.9999996  -0.99967892  0.99992573  0.99989938 -0.99942709
 -0.99997303 -0.99981638  0.99991258  0.99990999 -0.99953727 -0.99999333
 -0.99973282  0.99946768  0.99998356  0.99977606 -0.9997993  -0.99997559
 -0.99942172  0.99980064  0.99997425  0.99941101 -0.99945642 -0.99998371
 -0.99976762  0.99948172  0.99998842  0.99974522 -0.99984156 -0.99995294
  0.99984575  0.99994946]
