[ 1.          0.99963921 -0.99941224 -0.99974952 -0.99994454 -0.9999992
 -0.99991544 -0.99969513  0.99940878  0.99951103  0.99960337  0.99968587
  0.9997586   0.99982163  0.99987503  0.99991885  0.99995318  0.99997808
  0.99999362  0.99999986  0.99999687  0.99998472  0.99996347  0.99993319
  0.99989395  0.9998458   0.99978883  0.99972309  0.99964865  0.99956558
  0.99947393  0.99940496  0.99947556  0.99954178  0.99960361  0.99966103
  0.99971402  0.99976256  0.99980665  0.99984626  0.99988137  0.99991198
  0.99993805  0.99995958  0.99997655  0.99998894  0.99999673  0.99999992
  0.99999847  0.99999238  0.99998163  0.9999662   0.99994607  0.99992123
  0.99989167  0.99985735  0.99981828  0.99977443  0.99972578  0.99967232
  0.99961403  0.9995509   0.99948291  0.99941004 -0.99939921 -0.99953515
 -0.99965373 -0.99975492 -0.9998387  -0.99990505 -0.99995393 -0.99998534
 -0.99999924 -0.99999562 -0.99997446 -0.99993573 -0.9998794  -0.99980547
 -0.99971391 -0.99960471 -0.99947783  0.99937823  0.99954837  0.99969142
  0.99980733  0.9998961   0.99995769  0.99999207  0.99999923  0.99997915
  0.9999318   0.99985716  0.99975522  0.99962594  0.99946932 -0.99948517
 -0.99965823 -0.99979599 -0.99989843 -0.99996551 -0.99999723 -0.99999354
 -0.99995443 -0.99987989 -0.99976989 -0.99962441 -0.99944344  0.99955124
  0.99972532  0.99985691  0.99994598  0.99999251  0.99999648  0.99995785
  0.99987662  0.99975277  0.99958628  0.99937713 -0.99943744 -0.99964768
 -0.99980897 -0.9999213  -0.99998463 -0.99999894 -0.9999642  -0.99988041
 -0.99974754 -0.99956557  0.99944816  0.99966684  0.99983066  0.99993958
  0.99999359  0.99999266  0.99993676  0.99982589  0.99966003  0.99943917
 -0.99949059 -0.9997084  -0.99986587 -0.99996296 -0.99999965 -0.99997592
 -0.99989175 -0.99974712 -0.99954202  0.99948594  0.99971267  0.99987393
  0.9999697   0.99999995  0.99996466  0.99986382  0.99969741  0.99946542
 -0.99941298 -0.9996651  -0.99984695 -0.99995851 -0.99999974 -0.99997062
 -0.99987114 -0.99970128 -0.99946105  0.99947987  0.99972148  0.99988826
  0.99998018  0.99999722  0.99993936  0.99980658  0.99959887 -0.99948593
 -0.99973164 -0.99989821 -0.99998559 -0.99999376 -0.99992271 -0.99977243
 -0.9995429   0.99960941  0.99982285  0.99995301  0.99999984  0.99996334
  0.99984348  0.99964026 -0.99955693 -0.99979135 -0.99993854 -0.99999848
 -0.99997113 -0.99985649 -0.99965455  0.99962691  0.99984202  0.99996611
  0.99999914  0.99994111  0.999792    0.99955181 -0.99962202 -0.9998422
 -0.99996773 -0.99999856 -0.99993468 -0.99977609 -0.99952278  0.99964369
  0.99985911  0.99997635  0.9999954   0.99991623  0.99973883  0.99946321
 -0.9995445  -0.99979789 -0.99994974 -1.         -0.99994866 -0.99979571
 -0.99954115  0.99946947  0.99975057  0.99992685  0.99999828  0.99996483
  0.9998265   0.99958328]
